baseMean,log2FoldChange,lfcSE,stat,pvalue,padj,diffexpressed
ENSG00000162692,821.504160302751,3.67041303423303,0.237186118224439,15.474822311312,5.13147625130725e-54,1.47683886512623e-50,Up-regulated
ENSG00000138316,1113.19768900394,2.69729130789693,0.230131205597673,11.7206673510088,9.98820479548138e-32,1.56796654916702e-28,Up-regulated
ENSG00000178695,4633.89449979915,2.50200805920996,0.267234588239627,9.36259065748793,7.7805116275027e-21,4.63289223392126e-18,Up-regulated
ENSG00000099194,3107.06500655139,2.38822160365249,0.2568179675839,9.29927771845747,1.41402969497321e-20,7.63045774149921e-18,Up-regulated
ENSG00000148848,2367.43274901024,1.94415383193526,0.210683668116035,9.2278336015325,2.76160615927138e-20,1.4450731866151e-17,Up-regulated
ENSG00000125848,271.233594452041,2.6706867765994,0.295682597592374,9.03227581990196,1.68138003028089e-19,8.06501954524732e-17,Up-regulated
ENSG00000183508,171.872267418705,3.14242772134432,0.354902596035664,8.85433850427103,8.41815513635344e-19,3.82538691827766e-16,Up-regulated
ENSG00000112837,4312.57885505073,1.81505735243956,0.218116369860198,8.32150908069357,8.68503625667352e-17,3.26028708870083e-14,Up-regulated
ENSG00000196517,321.972599600692,2.28383982864373,0.275629857733272,8.28589416047159,1.17224997758622e-16,4.30689630062954e-14,Up-regulated
ENSG00000146006,105.458505603634,5.16218054985971,0.624226590315245,8.26972229307424,1.34271403064558e-16,4.83041372524748e-14,Up-regulated
ENSG00000154864,322.60573275965,2.63077729839838,0.334131561106258,7.87347741018025,3.44917384929332e-15,1.12377988735089e-12,Up-regulated
ENSG00000124766,2206.55569588973,2.49327288326702,0.322453414989216,7.73219562072371,1.05707339406676e-14,3.3188260670445e-12,Up-regulated
ENSG00000276600,550.577870094627,1.7717025204318,0.230756201049109,7.6778110940332,1.61829891705345e-14,4.90259398239982e-12,Up-regulated
ENSG00000183160,5408.19845801715,1.34273730219331,0.176609491769316,7.6028603487924,2.89656016370164e-14,8.47759337403389e-12,Up-regulated
ENSG00000108821,96165.822858373,1.25505041455514,0.16862762072797,7.44273333832891,9.86230423616218e-14,2.74681079919433e-11,Up-regulated
ENSG00000131389,1367.4796643385,2.15906999892196,0.298937093015642,7.22248944465713,5.10443678495277e-13,1.27744078844296e-10,Up-regulated
ENSG00000128342,227.223908829595,2.74084090367208,0.386330616272587,7.09454748918526,1.29775407550596e-12,3.11244685775512e-10,Up-regulated
ENSG00000108830,338.793226033066,2.74900396275329,0.388674750811954,7.0727618838387,1.5187998186214e-12,3.49688470239392e-10,Up-regulated
ENSG00000143320,2522.12875692308,1.73968737955597,0.249541136725848,6.97154546293197,3.13477980691818e-12,6.9399202187004e-10,Up-regulated
ENSG00000147883,1020.9619397093,1.65321039016915,0.237287577795931,6.96711730772071,3.23500922280015e-12,7.07115686826746e-10,Up-regulated
ENSG00000116991,237.095613443322,3.01362913056342,0.436385531021059,6.90588691955965,4.98907288878988e-12,1.06359642769906e-09,Up-regulated
ENSG00000172986,1178.65777733155,1.70861344017979,0.250474620406633,6.82150326211069,9.00927232077049e-12,1.87436282451885e-09,Up-regulated
ENSG00000177614,228.585970583498,2.61587475334971,0.38623091172232,6.77282598040829,1.26290826032342e-11,2.59617855229344e-09,Up-regulated
ENSG00000126950,1379.22901116077,1.39028924735347,0.207481377400359,6.70079052285617,2.07295024928195e-11,4.11444883960928e-09,Up-regulated
ENSG00000128165,129.53723529591,2.75213288424015,0.414973325682977,6.63207178367574,3.31007522745371e-11,6.35093100307453e-09,Up-regulated
ENSG00000128606,2192.38904382217,2.29837709220491,0.351865798262267,6.53197072166642,6.49098469820913e-11,1.17985603967027e-08,Up-regulated
ENSG00000145777,144.516014826057,2.48040602387968,0.385545327950527,6.4335004059444,1.24698261668968e-10,2.21988616752551e-08,Up-regulated
ENSG00000227051,8179.44974592044,1.12058747336292,0.174665564704724,6.41561761333607,1.40253085142662e-10,2.44635381236716e-08,Up-regulated
ENSG00000171617,1446.55189965483,1.75441060196864,0.274305141031963,6.39583565721143,1.5967166809601e-10,2.7572103646819e-08,Up-regulated
ENSG00000134013,3397.10964446888,1.1352467689274,0.178944063610616,6.3441432256602,2.2366667355104e-10,3.78654521458761e-08,Up-regulated
ENSG00000119714,106.622917703141,3.48905857501627,0.558611442040956,6.24594899500906,4.21234628455355e-10,6.86215053223308e-08,Up-regulated
ENSG00000214814,227.704376884923,2.79310266048704,0.44812905055509,6.23280873450911,4.58145416958772e-10,7.26127293808789e-08,Up-regulated
ENSG00000172156,319.745946072316,2.03187559236868,0.334183156362963,6.08012568461656,1.20088379381487e-09,1.77238131210215e-07,Up-regulated
ENSG00000125965,558.632972261534,1.65874390923356,0.272990345042179,6.07619990727978,1.23063978386767e-09,1.8009057447311e-07,Up-regulated
ENSG00000049759,1493.99214469192,1.38842636604498,0.232781486438523,5.96450511287401,2.45376586405481e-09,3.31028351097644e-07,Up-regulated
ENSG00000103485,1618.75256621314,1.1757770901944,0.198902669824532,5.91131879341613,3.39379477128851e-09,4.40631940681279e-07,Up-regulated
ENSG00000106976,1441.28413834268,1.70617294951979,0.291278277518734,5.8575358384219,4.69785460840029e-09,6.00907802798935e-07,Up-regulated
ENSG00000103647,861.721718065075,1.29149647705413,0.2221410855672,5.81385687279106,6.10496177434432e-09,7.69492554156041e-07,Up-regulated
ENSG00000140105,4097.79332880888,1.17928468197539,0.203633646188246,5.79120741611244,6.98822114367699e-09,8.6814822092816e-07,Up-regulated
ENSG00000013297,5076.5843712981,1.48032870073679,0.255774531743383,5.78763135894232,7.13858592732721e-09,8.80493584236331e-07,Up-regulated
ENSG00000166482,44292.7874464635,1.00977849763901,0.174574828789676,5.78421588404116,7.28513359319078e-09,8.92196360902259e-07,Up-regulated
ENSG00000126861,557.689411364561,1.41976319542058,0.245652389774531,5.77956191154374,7.4895389966855e-09,9.10770136582854e-07,Up-regulated
ENSG00000120738,918.196605907266,1.56542034209766,0.271004479766127,5.77636334074107,7.63324453322171e-09,9.15353240275504e-07,Up-regulated
ENSG00000136999,687.900790857633,2.45796840306253,0.425480939958344,5.7769177705191,7.60814443588618e-09,9.15353240275504e-07,Up-regulated
ENSG00000127824,372.087640564492,1.73404468447593,0.301297093908025,5.75526521674741,8.65058734611163e-09,1.00931312359902e-06,Up-regulated
ENSG00000143344,1642.53549092313,1.30394167783735,0.227301744562224,5.73661095452084,9.65897812716881e-09,1.11194156199967e-06,Up-regulated
ENSG00000016391,148.562269494361,2.25346571497515,0.39298082378852,5.73428925424575,9.79220953067352e-09,1.11981373626272e-06,Up-regulated
ENSG00000135069,1377.82735765246,1.18445750185169,0.206637549610367,5.73205355989313,9.92219280487771e-09,1.1272133247015e-06,Up-regulated
ENSG00000144369,2149.14141136411,1.17016588986121,0.204287499732854,5.72803471280147,1.01600779736422e-08,1.14669429051539e-06,Up-regulated
ENSG00000113580,4901.83679930855,1.07255710704627,0.187833424732047,5.71015040893984,1.12876372056859e-08,1.26568129394665e-06,Up-regulated
ENSG00000152580,12221.0369958486,1.28204436041959,0.226336816724521,5.66432089561457,1.47607946735293e-08,1.61322406596522e-06,Up-regulated
ENSG00000134253,242.095880534284,1.84947067333635,0.328953922718819,5.62227882267034,1.88454770051455e-08,1.97226482984759e-06,Up-regulated
ENSG00000064309,526.098904319817,1.78151474685464,0.317130186984409,5.61761327042077,1.93613247472764e-08,2.01404431166246e-06,Up-regulated
ENSG00000112773,953.788723120348,1.26516964548861,0.226245697578811,5.59201637435735,2.24447647015292e-08,2.32081555009585e-06,Up-regulated
ENSG00000164484,1503.69382648006,1.15573528861739,0.208928031834419,5.53173874501124,3.17071920149021e-08,3.20187012697854e-06,Up-regulated
ENSG00000149256,1125.86366441123,1.85629142275824,0.336212115242949,5.52119135093294,3.36708852342234e-08,3.34154509324465e-06,Up-regulated
ENSG00000100784,155.413799745685,2.13440781631859,0.386582471513,5.52122243919901,3.36649275201141e-08,3.34154509324465e-06,Up-regulated
ENSG00000167552,10292.449848435,1.38038443172808,0.250248991295156,5.51604393921405,3.46715608389198e-08,3.42119150037981e-06,Up-regulated
ENSG00000092621,1614.55335676189,1.28520954071897,0.234119469293497,5.48954576309844,4.02968704858306e-08,3.93133536468544e-06,Up-regulated
ENSG00000163491,247.32007028162,2.01890208783768,0.368146692067214,5.48396096268352,4.15906586701068e-08,4.03476120177193e-06,Up-regulated
ENSG00000074047,560.85253400824,1.23328451436493,0.22545726966339,5.47014747497936,4.49661259541406e-08,4.31375034986722e-06,Up-regulated
ENSG00000183876,329.749344634177,1.6242576573485,0.297706133866898,5.45590927620823,4.87228665957035e-08,4.64832298549507e-06,Up-regulated
ENSG00000127863,2114.81490726467,1.07722846898623,0.198669961730189,5.42220101924213,5.8869625856058e-08,5.51015469225648e-06,Up-regulated
ENSG00000182010,212.423468889681,1.69901710819927,0.31494772693992,5.39460031893919,6.86762489431304e-08,6.34171907352928e-06,Up-regulated
ENSG00000111728,393.744762611595,1.47104217598106,0.274080006900839,5.36719986479453,7.99684259643941e-08,7.26786726080609e-06,Up-regulated
ENSG00000116584,3118.13533060553,1.02175296620761,0.193783171517438,5.27266097570123,1.34459809488695e-07,1.1786050711933e-05,Up-regulated
ENSG00000277443,9540.86894426954,1.10437009257978,0.210942641776161,5.23540467342622,1.64623773433456e-07,1.4285041807281e-05,Up-regulated
ENSG00000025423,382.673184947616,2.27218219098162,0.435711814815394,5.21487394585415,1.83942276835474e-07,1.58025633651491e-05,Up-regulated
ENSG00000176771,185.432011005561,2.20223554512843,0.425525992018685,5.17532556514605,2.27513905239455e-07,1.90714083285189e-05,Up-regulated
ENSG00000123243,29388.2449954949,1.01538527668819,0.196454477373191,5.16855248231033,2.35914043289626e-07,1.96800178721027e-05,Up-regulated
ENSG00000181467,1132.54046842172,1.16667349541339,0.226541529486207,5.14993210321919,2.60580773351754e-07,2.16332153569139e-05,Up-regulated
ENSG00000226549,67.1997251496694,2.82872311379783,0.552038474486834,5.12414124111072,2.98896871055588e-07,2.44613799497057e-05,Up-regulated
ENSG00000185745,542.569094972149,1.49336134654434,0.293953865692372,5.08025755343246,3.7692349888655e-07,2.99940782431933e-05,Up-regulated
ENSG00000116711,120.579940592617,2.0339011043827,0.400919288108246,5.07309367423989,3.91399702263378e-07,3.08615984414795e-05,Up-regulated
ENSG00000013293,333.893655530247,2.58910394230439,0.510536241288606,5.07134211622162,3.95019908030327e-07,3.10054716903077e-05,Up-regulated
ENSG00000205978,3136.81709223623,1.26762834472196,0.250412287588897,5.06216510750075,4.14521790571416e-07,3.23889695908924e-05,Up-regulated
ENSG00000131771,107.581241822953,2.41013351781659,0.477404958036366,5.04840487566323,4.45514203603036e-07,3.40404392381293e-05,Up-regulated
ENSG00000215386,368.276163674245,1.29699368491555,0.260133738400968,4.98587262416679,6.16827737266299e-07,4.55187237910874e-05,Up-regulated
ENSG00000100626,818.220631301351,1.03551356925522,0.208005195368658,4.97830627460979,6.41431001166362e-07,4.71328958644287e-05,Up-regulated
ENSG00000188176,116.789470634611,2.97174744109176,0.597966409480324,4.96975648460659,6.70370405927874e-07,4.90506617354345e-05,Up-regulated
ENSG00000101265,3178.65472954074,1.18867830842767,0.240061027849594,4.95156718720881,7.3618193708353e-07,5.31899150190728e-05,Up-regulated
ENSG00000137809,2297.77698338876,1.43786571093488,0.290976846787233,4.94151244956706,7.75188655711347e-07,5.55433929743715e-05,Up-regulated
ENSG00000134363,4263.8289165156,2.09475767072622,0.424719183346768,4.93210043921169,8.1350065360296e-07,5.75718413377702e-05,Up-regulated
ENSG00000168398,8932.00664189559,1.87465952997493,0.382799870434356,4.89723135968617,9.71963769630605e-07,6.74051019035393e-05,Up-regulated
ENSG00000146250,572.166252981317,2.62668626263703,0.53651040819542,4.89587195795889,9.78707792402107e-07,6.76013046367983e-05,Up-regulated
ENSG00000146592,1156.65528372684,1.8629415142949,0.382302437269025,4.87295223018406,1.0994281420078e-06,7.41598638913698e-05,Up-regulated
ENSG00000137501,1101.19894244779,1.08044142893704,0.221698972084493,4.87346160777535,1.09659586522285e-06,7.41598638913698e-05,Up-regulated
ENSG00000170989,419.828741493035,1.50473135023197,0.310120957723541,4.85207888327681,1.2217400678527e-06,7.87201772077625e-05,Up-regulated
ENSG00000196230,16036.0474406032,1.33651477975516,0.275323076813675,4.85435073304678,1.20781805223149e-06,7.87201772077625e-05,Up-regulated
ENSG00000139289,3919.89448988398,1.05779793133075,0.217971924603982,4.8529090764904,1.2166347938551e-06,7.87201772077625e-05,Up-regulated
ENSG00000122966,393.675929500745,1.2953767188853,0.269786539953967,4.80148757275411,1.57491284319262e-06,0.000100724425837964,Up-regulated
ENSG00000165272,136.536048492407,2.67471923731308,0.557319269466651,4.7992584930228,1.59254143230209e-06,0.000101476034881891,Up-regulated
ENSG00000012048,358.07231410679,1.33344455007502,0.278144118704287,4.79407781939365,1.63424831669641e-06,0.000103370695724225,Up-regulated
ENSG00000107562,41447.1908567093,1.96280818797696,0.40976082685957,4.79013136277579,1.6667216217977e-06,0.000104657996237101,Up-regulated
ENSG00000143891,818.747109978623,1.05824218473746,0.221625630614126,4.77490884878734,1.79788669250464e-06,0.000111275653785556,Up-regulated
ENSG00000077063,560.988848371077,1.07874288359191,0.226208570395029,4.76879758228476,1.85328757722214e-06,0.000113888149051502,Up-regulated
ENSG00000170624,4428.24514525097,1.30691391270577,0.275699149429322,4.74036251258296,2.13336175498025e-06,0.000129714404172532,Up-regulated
ENSG00000109689,2049.59834481206,1.06063716140306,0.224168830686016,4.73142121568474,2.2295334762343e-06,0.000134144892221651,Up-regulated
ENSG00000126785,1380.03794286898,1.07618918776754,0.227681071161023,4.72673983076278,2.28153283597446e-06,0.000136796906290302,Up-regulated
ENSG00000109625,147.03995863561,1.59048550822395,0.337243838103479,4.71612918761743,2.40373841984492e-06,0.000142149846006445,Up-regulated
ENSG00000183963,2146.05528467379,1.10305244000341,0.234459684697123,4.70465718414806,2.54292884923582e-06,0.000149867902281925,Up-regulated
ENSG00000117600,58.3711907264493,2.43881256513841,0.518887500020937,4.70007962234589,2.60060073676424e-06,0.000152227706855746,Up-regulated
ENSG00000112715,3232.18018319264,1.53997552354075,0.328341450600091,4.6901648291016,2.7298505348588e-06,0.000158717370491386,Up-regulated
ENSG00000198795,1594.34494482901,1.03297347351095,0.220817386332058,4.67795353739763,2.89752177596299e-06,0.000166227262549266,Up-regulated
ENSG00000154310,1022.13121374237,1.24726841449394,0.2673267532058,4.66570741437814,3.07557076580073e-06,0.000173558679685774,Up-regulated
ENSG00000145685,3840.35615153138,1.24680039468676,0.269194693138347,4.63159351379188,3.62862036882198e-06,0.00020212585977038,Up-regulated
ENSG00000131080,1988.05043953398,1.00868107883858,0.219148288708141,4.60273308445466,4.16982485574575e-06,0.000227862454458916,Up-regulated
ENSG00000163394,1454.33545820758,2.11787249032903,0.460546720364293,4.59860508539457,4.25329160245634e-06,0.000231690345082701,Up-regulated
ENSG00000123416,1704.56496110461,1.16380300848438,0.254004224477138,4.58182540420357,4.60934665079961e-06,0.000246984986670681,Up-regulated
ENSG00000196739,497.299996766065,1.39279050601928,0.304243717047633,4.5778776289445,4.69717325064458e-06,0.000249571654437325,Up-regulated
ENSG00000132622,108.297174494994,2.23221936067607,0.491513984463469,4.54151749743751,5.58507495220621e-06,0.000291368804455278,Up-regulated
ENSG00000089041,148.302687691752,1.81116816512366,0.404669966809525,4.47566736766548,7.61729997695446e-06,0.000388010430684512,Up-regulated
ENSG00000054938,83.878469015226,2.21021491647453,0.494587403287791,4.4688055170472,7.86576057131241e-06,0.000399488098663008,Up-regulated
ENSG00000171509,62.6637107117669,2.31351043351208,0.518180689722935,4.46467898050984,8.01888914779163e-06,0.000404883560830602,Up-regulated
ENSG00000137872,507.948278428036,1.20953603638694,0.272488555679117,4.43885077438369,9.04404926472751e-06,0.000453990240416612,Up-regulated
ENSG00000075240,790.663173477907,1.27470701405559,0.287631478366073,4.43173682274529,9.34770691409943e-06,0.000467873052152664,Up-regulated
ENSG00000119514,590.353920622761,1.17633915868184,0.266520625339328,4.41368902382003,1.01623906790308e-05,0.000502819949127518,Up-regulated
ENSG00000007237,345.673762648805,1.77572968146546,0.402426676924253,4.41255459264619,1.02158023620816e-05,0.000504018500538358,Up-regulated
ENSG00000176293,265.175555844391,1.38310383173592,0.313559881860978,4.41097191237348,1.02907667684568e-05,0.000506270542899466,Up-regulated
ENSG00000102524,114.174874936381,1.63443778975391,0.37143165903154,4.40037285463359,1.08065032325848e-05,0.000528630872012107,Up-regulated
ENSG00000080493,441.615499449298,1.06027724469481,0.241387757957808,4.39242343383517,1.12094112185839e-05,0.000545251022316922,Up-regulated
ENSG00000130513,728.933869761285,1.97171619484221,0.449606239362328,4.38542889804793,1.15757465904492e-05,0.00056126187015886,Up-regulated
ENSG00000133069,263.890360058806,1.2309472436023,0.280853546624014,4.38287947009694,1.17120916923959e-05,0.000563354872825325,Up-regulated
ENSG00000110900,456.809139410424,1.41929241151153,0.324325833830028,4.37613123429246,1.20804297842113e-05,0.000577852801977175,Up-regulated
ENSG00000196932,96.6079994805475,1.9139292024328,0.439191186245648,4.35784975284614,1.31346497991931e-05,0.00062481854747236,Up-regulated
ENSG00000129467,172.704452645704,1.84204449200932,0.422980032752013,4.35492068035582,1.3311511021641e-05,0.00062753243773174,Up-regulated
ENSG00000235513,108.935524836677,1.87500094639352,0.430949924418784,4.35085572627101,1.35607260657048e-05,0.000636322330713563,Up-regulated
ENSG00000070882,1771.39687959022,1.0301324497256,0.240210224781744,4.28846211963536,1.79914474185452e-05,0.000809052901102704,Up-regulated
ENSG00000155962,712.920477665711,1.04626428097102,0.244544643773882,4.27841830769537,1.88226045023706e-05,0.00084423047934269,Up-regulated
ENSG00000126878,192.743409877879,2.79498527648419,0.65425400021311,4.27201862819912,1.93711389741547e-05,0.000864343224304144,Up-regulated
ENSG00000267339,103.791460036799,2.87259764759102,0.674101341290676,4.26137358233254,2.03174272140231e-05,0.000899593161876284,Up-regulated
ENSG00000150594,59.1849436653528,2.4566180187991,0.577134653705199,4.25657687166702,2.075806846252e-05,0.000912284356154487,Up-regulated
ENSG00000196155,329.478683357296,1.49813367130868,0.352771845108091,4.24674954105153,2.16894185617095e-05,0.000945790100312119,Up-regulated
ENSG00000206561,74.7978756321694,1.96926922915631,0.465955508373619,4.22630314218174,2.37561909814585e-05,0.00101541881841467,Up-regulated
ENSG00000138135,62.5520795379125,2.15146096367301,0.508974497085271,4.22705062040184,2.3677441573682e-05,0.00101541881841467,Up-regulated
ENSG00000105516,150.524396797862,1.45180733436075,0.343953172392902,4.2209447415776,2.43280573171314e-05,0.00103727628086969,Up-regulated
ENSG00000166793,267.799006484016,1.31129660030153,0.31596494965708,4.15013311357699,3.32281978041804e-05,0.00136290859782087,Up-regulated
ENSG00000130487,24.6157914558606,4.02578231441051,0.973682187860526,4.13459583075703,3.55579856895448e-05,0.00144135046217619,Up-regulated
ENSG00000161682,414.38039077543,1.04212905548904,0.252417718417002,4.12858915778412,3.64995909172965e-05,0.00147260499056046,Up-regulated
ENSG00000049246,266.800977153232,1.75996547212116,0.426713782662694,4.12446361853834,3.71599721498963e-05,0.00149227534670793,Up-regulated
ENSG00000129682,431.585861639228,1.58111721374958,0.384698027324006,4.11002163111668,3.95622055540636e-05,0.00157048313909786,Up-regulated
ENSG00000149633,448.523164312745,1.37121982548336,0.333621415551775,4.11010732993716,3.95475255253926e-05,0.00157048313909786,Up-regulated
ENSG00000143786,111.246987328823,1.6245747099502,0.396998319083994,4.09214505919981,4.27401140425574e-05,0.00168501435910247,Up-regulated
ENSG00000065809,4279.81182169967,1.10287221254437,0.270439464601668,4.07807423435332,4.54102687716128e-05,0.00175817157208119,Up-regulated
ENSG00000164761,11400.4947512089,1.77258398874413,0.434896571889498,4.07587482477218,4.58416752059216e-05,0.00176765508775719,Up-regulated
ENSG00000103742,442.351245548827,2.1032563797897,0.516494690262774,4.0721742535623,4.6576312809405e-05,0.00177901036264092,Up-regulated
ENSG00000138944,351.79126913754,1.75257204765079,0.430426750932859,4.0717080057233,4.66696603125051e-05,0.00177901036264092,Up-regulated
ENSG00000135472,234.61767143217,1.73236743408444,0.427838616333433,4.0491142406237,5.14118455264271e-05,0.00194262527035086,Up-regulated
ENSG00000079257,1573.13853443251,1.16311015282384,0.28873616188724,4.02828016145089,5.61863650451315e-05,0.00207757205909921,Up-regulated
ENSG00000169302,81.6082922735652,1.79398208382722,0.450892920345147,3.978731984645,6.92837887202756e-05,0.00246171288811053,Up-regulated
ENSG00000203727,662.771628640668,1.13195760195734,0.285515712813012,3.96460702917135,7.35169562158674e-05,0.00258552097746558,Up-regulated
ENSG00000131242,56.7624296926853,2.10313863199116,0.531081240229011,3.96010717886449,7.49161322971726e-05,0.00261333583149632,Up-regulated
ENSG00000261121,21.2330784314054,5.0844791195676,1.28643621711869,3.95237560316487,7.73791569578786e-05,0.00268309896053945,Up-regulated
ENSG00000248869,84.7649027090569,1.64241694689056,0.420230771903871,3.90836905981332,9.29212860993139e-05,0.00317735597695634,Up-regulated
ENSG00000108700,23.3171283209218,5.21670947630901,1.33802307484626,3.89881876806078,9.66630869874524e-05,0.00328578383090419,Up-regulated
ENSG00000243295,29.4529850026404,3.40077690683997,0.875541907668864,3.88419660675588,0.000102668805850445,0.00348307453718169,Up-regulated
ENSG00000125398,1138.96815399749,1.02158425934899,0.263044359750404,3.88369573983013,0.000102880636171877,0.00348341730473719,Up-regulated
ENSG00000132530,265.173024770623,1.10774002117284,0.286688887856949,3.86390986219731,0.000111586412407516,0.00374878243084239,Up-regulated
ENSG00000307706,155.570035925826,1.2909884698611,0.335182262949733,3.851601389942,0.000117347925595162,0.00390436219494655,Up-regulated
ENSG00000134258,13.5319480325447,6.96509371200644,1.81111572909019,3.84574745839424,0.000120185500360595,0.0039757916096298,Up-regulated
ENSG00000177272,136.417256343489,1.56536522362126,0.408997566950356,3.82732160314113,0.000129545209743479,0.00422870828327107,Up-regulated
ENSG00000143850,677.32636541171,1.27322353640498,0.334014902516725,3.81187643668453,0.000137915819753604,0.00445979471068394,Up-regulated
ENSG00000166592,201.321895426793,1.4939776481619,0.392290183441754,3.80834828711365,0.000139898136757421,0.00450701683867003,Up-regulated
ENSG00000233695,182.593746038674,2.21425141459032,0.58308964565423,3.79744595208154,0.000146194639345725,0.00467497968929996,Up-regulated
ENSG00000164619,683.728105155213,1.33407039806414,0.352314723868802,3.78658712702831,0.000152730558965367,0.00485700053814724,Up-regulated
ENSG00000181722,417.794060579876,1.26214827917226,0.33407410794265,3.77804878966833,0.000158061917422402,0.00499892525650191,Up-regulated
ENSG00000179388,80.2384043394886,2.00872636694016,0.53306607092388,3.76825027235132,0.000164395837097831,0.00514273064312564,Up-regulated
ENSG00000186480,562.944244095934,1.28302500707135,0.341208169064485,3.76024117649092,0.000169749623589985,0.00526254308824393,Up-regulated
ENSG00000235823,114.545314865598,1.37299416944861,0.36622544062451,3.74904093802795,0.000177512110168378,0.00544454550335267,Up-regulated
ENSG00000104415,1002.9920086728,1.16735463104233,0.311967995321047,3.74190509459472,0.000182630490078629,0.00558170496049164,Up-regulated
ENSG00000183775,124.551770437763,1.57135512325985,0.42034966817767,3.73820950084749,0.000185335480180303,0.00563586342174183,Up-regulated
ENSG00000205208,929.256753168971,1.07907109929282,0.290094116760318,3.71972762268864,0.000199437739433646,0.00602562699014955,Up-regulated
ENSG00000114670,201.028397004363,1.33559050897455,0.360376497866213,3.70609769749851,0.000210477136647345,0.00632090294891538,Up-regulated
ENSG00000092969,192.3921361188,1.20505757032494,0.325420833348314,3.70307444033586,0.000213002347542174,0.00636898141558313,Up-regulated
ENSG00000184564,49.4837842786349,3.01518642407504,0.815808163839604,3.6959502953293,0.000219065831796869,0.00647744654703482,Up-regulated
ENSG00000162849,643.146580922693,1.10117370148096,0.298009681485457,3.69509371639223,0.000219805697983719,0.00648821332099634,Up-regulated
ENSG00000101825,9473.43455666028,1.41994491652355,0.387701766871878,3.66246697295241,0.000249797966625247,0.00727404938901309,Up-regulated
ENSG00000196950,1356.85233712453,1.21680264697314,0.332373391216372,3.66095084362818,0.000251280970446744,0.00730491548430029,Up-regulated
ENSG00000107338,355.676666605836,1.02332643706299,0.280707754083399,3.64552251292266,0.000266849051523092,0.00773145876124289,Up-regulated
ENSG00000109265,196.738971679401,1.26779673932401,0.348333114572343,3.63961014984326,0.000273051118696172,0.00784538029446418,Up-regulated
ENSG00000175130,1047.02597325486,1.06975916616847,0.294357043111529,3.63422310151126,0.000278819520484105,0.0079977665776072,Up-regulated
ENSG00000171033,397.044556407484,1.16942007206556,0.323161232044011,3.61868923654276,0.00029609894391788,0.00839579074478482,Up-regulated
ENSG00000185585,1488.12381726582,1.61216191209107,0.447708512986075,3.60091860067269,0.000317094850198374,0.00896169210020544,Up-regulated
ENSG00000169744,1057.30803500586,1.09112602018631,0.303702435099584,3.5927470249902,0.000327210217162421,0.00916940398999781,Up-regulated
ENSG00000246859,135.913460163004,1.26449381666931,0.35199368403261,3.59237643750494,0.000327676039188309,0.00916940398999781,Up-regulated
ENSG00000154263,248.986155068827,1.18478212553591,0.3302968621289,3.587022044047,0.000334476057031449,0.00930069654238175,Up-regulated
ENSG00000145632,787.71418168456,1.19956242232722,0.334624648440353,3.58479994799618,0.000337336677212683,0.00933514381748174,Up-regulated
ENSG00000177570,208.379570224638,1.87940548877825,0.524434083347371,3.5836829612262,0.000338783262515403,0.00936017500338557,Up-regulated
ENSG00000122679,29.050574847348,3.49385768750226,0.975066588596076,3.58319906390475,0.000339411747435988,0.00936255919285088,Up-regulated
ENSG00000066468,44.6063834494202,2.42537866275898,0.679105455013495,3.57143157200937,0.000355035312494967,0.00974681999389997,Up-regulated
ENSG00000143494,23.2094727532143,3.14036454341465,0.880715638654997,3.56569635598901,0.000362891339772625,0.00994667881776776,Up-regulated
ENSG00000198932,261.417594015535,1.00178203370281,0.281366651474862,3.56041495483452,0.000370269218409622,0.0100848720244438,Up-regulated
ENSG00000144644,25.2024094162764,2.88732594825224,0.817795720227663,3.53062002751549,0.000414586862039836,0.0110993580367502,Up-regulated
ENSG00000122877,29.4558494773067,2.65276129682088,0.751317125884598,3.53081435977853,0.000414282398487324,0.0110993580367502,Up-regulated
ENSG00000164070,906.230840325743,1.29251459387446,0.366577268370394,3.52589946348905,0.000422047153102745,0.0112641580212955,Up-regulated
ENSG00000182985,293.296578250749,1.60239012188213,0.455062210243105,3.52125508515878,0.00042950922648674,0.0114104081891893,Up-regulated
ENSG00000109881,104.570438523415,1.42371912338955,0.406302298728664,3.50408828068268,0.000458173442683308,0.0119941162991828,Up-regulated
ENSG00000178734,59.5952794411415,1.85513765696202,0.530783766899646,3.49509117017282,0.000473899848657998,0.0123428394971739,Up-regulated
ENSG00000077264,423.554201804253,1.1559000124782,0.331129025853522,3.49078432341814,0.000481604864742995,0.0124870162227958,Up-regulated
ENSG00000095585,51.4186566210065,3.1823869826453,0.911991875645895,3.48949049616419,0.000483942266205112,0.0125233099372895,Up-regulated
ENSG00000133216,414.430430877225,1.61332978646071,0.46250941741985,3.48820959248962,0.000486266738861335,0.0125513513402953,Up-regulated
ENSG00000269959,17.8486710455495,3.82040536505199,1.0981017328843,3.47909965957091,0.000503101451853009,0.0129103106979502,Up-regulated
ENSG00000129048,113.650974072977,1.6673637820846,0.479470942674778,3.47750746433776,0.00050609895895704,0.0129375899974962,Up-regulated
ENSG00000061337,118.304388882508,1.33595623429282,0.384166547881211,3.47754441832847,0.000506029200111175,0.0129375899974962,Up-regulated
ENSG00000100592,1038.47542985042,1.09518881812382,0.315953252592921,3.46630018566348,0.00052767378427455,0.0134256185584016,Up-regulated
ENSG00000173947,123.232908798032,1.51345271777267,0.438655392871657,3.4502088481458,0.000560153023592277,0.014059189551441,Up-regulated
ENSG00000123610,324.03997561352,1.74532974845024,0.511348089558738,3.41319305594033,0.000642064406843112,0.015793686862346,Up-regulated
ENSG00000271254,216.210479389673,1.14496275080482,0.335909894160469,3.40854131036062,0.000653111955763321,0.0160425849959047,Up-regulated
ENSG00000138735,10141.0589384528,1.13048013398656,0.333763219563188,3.38707223481985,0.00070642785336222,0.0170609736669354,Up-regulated
ENSG00000308504,15.6088106286426,4.6103717278256,1.36797982806679,3.37020446737208,0.000751124272504832,0.0179567060910883,Up-regulated
ENSG00000206052,343.386667742905,1.00563185464255,0.298781922951123,3.36577208122144,0.000763297486439842,0.0181084417097956,Up-regulated
ENSG00000229931,131.044651821134,1.42386342675426,0.423607305307874,3.36128156647206,0.000775816938290967,0.018326685212597,Up-regulated
ENSG00000129521,140.484516612312,1.81260486794773,0.541386064174548,3.34808187335115,0.00081372967908397,0.0190916903511168,Up-regulated
ENSG00000187955,8012.51914746927,1.00601559264483,0.301988717862662,3.33130191010099,0.000864407967770755,0.02000884287864,Up-regulated
ENSG00000105989,949.454369803608,3.05392256135279,0.918927155698714,3.32335652767897,0.000889411609515171,0.0205325664078984,Up-regulated
ENSG00000226200,220.05805690903,1.21646567522181,0.366953330414763,3.31504192603146,0.000916293806101267,0.0210406402177615,Up-regulated
ENSG00000230417,81.6217780262456,1.44783803554619,0.437521814488588,3.30917907999294,0.000935699671707169,0.0212253433210533,Up-regulated
ENSG00000171724,29.9036773279367,2.35429024348407,0.712862737016124,3.30258564690669,0.000957978280643004,0.0215957819192473,Up-regulated
ENSG00000291081,86.4504949643063,1.48129840086921,0.448986245797022,3.29920663435841,0.000969585119603066,0.0217721662487721,Up-regulated
ENSG00000103257,661.178441647027,1.25624820672506,0.381164692398016,3.29581472728138,0.000981367115999426,0.0220081134533482,Up-regulated
ENSG00000084710,28.7691856621181,2.92926606279953,0.891054281318825,3.28741595681915,0.00101111364263085,0.0225872061849283,Up-regulated
ENSG00000055163,393.9392666588,1.2352781928736,0.376958942450468,3.27695686125265,0.00104932400126539,0.0232271485215875,Up-regulated
ENSG00000137266,134.461540897864,1.27541902325483,0.390042430531402,3.2699494296484,0.00107566712547343,0.0236619362072296,Up-regulated
ENSG00000070808,38.311356434257,2.03119103482689,0.623454201985506,3.25796350134169,0.00112214838108605,0.0245592626674193,Up-regulated
ENSG00000111816,142.209992960707,1.31119551634829,0.404738373376778,3.23961255615284,0.0011969221574977,0.0259328128176541,Up-regulated
ENSG00000181634,37.7910455625956,2.90703163204339,0.898327784947007,3.23604777761035,0.00121197096549108,0.0261603932901251,Up-regulated
ENSG00000128602,518.72794591564,1.12283737652285,0.348319776535954,3.22358204202325,0.00126598028120141,0.027055628088844,Up-regulated
ENSG00000162643,94.7070440880143,1.67177216875962,0.518757127384232,3.22264905966559,0.00127011061551888,0.0271103462407663,Up-regulated
ENSG00000155897,20.0466738137451,4.33518362764788,1.34809607680314,3.21578239284568,0.00130089434186923,0.0276076538257813,Up-regulated
ENSG00000167992,383.255444907517,1.46282298296482,0.455720153780693,3.20991505604727,0.0013277420287917,0.0279603040892378,Up-regulated
ENSG00000168811,56.2066778052401,1.83856976308008,0.572915434261222,3.20914685332387,0.00133129476497548,0.0280009719873284,Up-regulated
ENSG00000102385,143.566209888192,1.13822539355583,0.355791818827054,3.19913312596181,0.00137841502198196,0.0286431655831342,Up-regulated
ENSG00000272168,171.052777248577,1.24176604762558,0.389291589588422,3.18980959475244,0.00142366558313663,0.0294387559328277,Up-regulated
ENSG00000255874,202.641060522307,1.03226652935395,0.324136960467713,3.18466159448291,0.00144923372233476,0.0298276137273858,Up-regulated
ENSG00000225783,48.3856166593357,1.71768093066782,0.539523797357216,3.18369817806303,0.00145406540103588,0.0298558874495691,Up-regulated
ENSG00000157168,121.118926931495,1.66116432132869,0.523735831837576,3.17175992236456,0.00151518209197004,0.0309635081232411,Up-regulated
ENSG00000204767,188.721901061973,1.09480582657793,0.347195599867009,3.15328255023187,0.00161445458690633,0.0325302238117835,Up-regulated
ENSG00000205683,294.236051504361,1.26757727679078,0.404087261143228,3.13688997075682,0.00170750193157276,0.0342055027313206,Up-regulated
ENSG00000123405,24.5378676246009,2.84133167176316,0.90634525944449,3.13493300941922,0.00171893360451683,0.0343946065849324,Up-regulated
ENSG00000183696,114.627554655614,1.56771574608651,0.501166061256502,3.12813629509548,0.00175918584013514,0.0350780843965978,Up-regulated
ENSG00000259807,216.046734325052,1.07868102318412,0.344895778425096,3.12755646969563,0.00176265955399396,0.0351068110477136,Up-regulated
ENSG00000157368,74.2797903484191,2.19573835727265,0.702259030078247,3.12667870860699,0.00176793019068232,0.0351712195077215,Up-regulated
ENSG00000134780,186.265710840118,1.02006701165037,0.326579764832747,3.12348504559916,0.00178722947124749,0.0354089360392595,Up-regulated
ENSG00000102287,213.146738360514,1.18024823783523,0.379294424944321,3.1116941357851,0.00186017120000966,0.0367102128934477,Up-regulated
ENSG00000087903,278.221074206574,1.02373102727738,0.329522908624013,3.10670669772904,0.00189183999008769,0.0371230601691298,Up-regulated
ENSG00000124225,209.44626560251,1.204590970944,0.387964933383777,3.10489651845005,0.00190345605657598,0.0372663029307868,Up-regulated
ENSG00000019186,30.7824331720129,4.17602215797453,1.34773465632423,3.09854921247191,0.00194470669122263,0.0379754685722884,Up-regulated
ENSG00000101255,495.46661472067,1.07919921779147,0.34860279355517,3.09578476633945,0.00196292788269576,0.0382571542645489,Up-regulated
ENSG00000124134,33.9391350410825,2.75261925787939,0.890920747125045,3.089634253958,0.00200403111492748,0.038795526112744,Up-regulated
ENSG00000145911,147.903158146077,1.18475219161741,0.383926943744524,3.08587925625188,0.00202951218242109,0.0391134111228208,Up-regulated
ENSG00000130592,14.1813397751767,4.00533309277965,1.30084346107034,3.07902773288651,0.00207677348335533,0.0397580094352327,Up-regulated
ENSG00000157601,269.272089111749,1.26066316708892,0.409624161701655,3.0776093916235,0.00208668235137375,0.0398593261543383,Up-regulated
ENSG00000166450,85.5120150665914,1.4321890720129,0.467538907151775,3.06325110082864,0.00218946256909684,0.0415012509804218,Up-regulated
ENSG00000143507,562.695088950757,1.09171712576295,0.357322806516078,3.05526852989673,0.00224859096862979,0.042343150323118,Up-regulated
ENSG00000130032,120.157434091167,2.29266689514806,0.751553225703412,3.05057155865741,0.00228406245099733,0.0428345106084487,Up-regulated
ENSG00000250927,117.280237808574,2.25494846322671,0.741170509733883,3.04241525210758,0.00234687891996454,0.0437172655770741,Up-regulated
ENSG00000274370,147.056300644575,1.13667721022421,0.375050999855687,3.03072704955216,0.00243965682764932,0.0451049187364544,Up-regulated
ENSG00000117461,287.143123911373,1.41035217887733,0.466421142810262,3.02377411619836,0.00249642756250737,0.0459087445680269,Up-regulated
ENSG00000166473,277.574648767228,1.09355685357007,0.364001035601915,3.00426852292261,0.00266220250190451,0.0485950452461809,Up-regulated
